-17.02669907
-17.01079941
-16.99580002
-16.97990036
-16.96369934
-16.94709969
-16.93110085
-16.91539955
-16.89979935
-16.88439941
-16.86689949
-16.85129929
-16.8355999
-16.81920052
-16.80319977
-16.78720093
-16.77249908
-16.75489998
-16.73959923
-16.72400093
-16.70809937
-16.69190025
-16.67519951
-16.65920067
-16.64389992
-16.62779999
-16.61149979
-16.5958004
-16.57999992
-16.56439972
-16.54809952
-16.53170013
-16.51589966
-16.49979973
-16.4829998
-16.46680069
-16.45089912
-16.43499947
-16.41930008
-16.4034996
-16.38809967
-16.3708992
-16.35580063
-16.3397007
-16.32449913
-16.30739975
-16.29089928
-16.27630043
-16.2602005
-16.24379921
-16.2276001
-16.21269989
-16.19589996
-16.17930031
-16.16390038
-16.14780045
-16.1317997
-16.11580086
-16.0991993
-16.08309937
-16.0678997
-16.05120087
-16.03560066
-16.01930046
-16.00349998
-15.98690033
-15.9715004
-15.9552002
-15.94040012
-15.92409992
-15.90810013
-15.89179993
-15.8757
-15.8597002
-15.84300041
-15.82730007
-15.81219959
-15.79570007
-15.7798996
-15.76270008
-15.74709988
-15.73159981
-15.71590042
-15.69880009
-15.68379974
-15.66679955
-15.65060043
-15.63510036
-15.62020016
-15.60340023
-15.58740044
-15.5710001
-15.5557003
-15.53899956
-15.52320004
-15.50739956
-15.49059963
-15.47599983
-15.45940018
-15.44369984
-15.42770004
-15.41139984
-15.39550018
-15.37940025
-15.36380005
-15.34679985
-15.33110046
-15.31589985
-15.29899979
-15.2840004
-15.26679993
-15.25179958
-15.23530006
-15.21959972
-15.20269966
-15.18840027
-15.17210007
-15.15499973
-15.14000034
-15.12390041
-15.10779953
-15.09210014
-15.07590008
-15.05889988
-15.04310036
-15.02659988
-15.01179981
-14.99510002
-14.98009968
-14.96339989
-14.94769955
-14.93130016
-14.91530037
-14.8987999
-14.88269997
-14.86769962
-14.8512001
-14.83590031
-14.8185997
-14.8039999
-14.78740025
-14.77149963
-14.75590038
-14.73939991
-14.72290039
-14.70650005
-14.69159985
-14.67599964
-14.65890026
-14.64229965
-14.62679958
-14.61100006
-14.59599972
-14.57859993
-14.56340027
-14.54810047
-14.53190041