9.326950073
9.340669632
9.357069969
9.372980118
9.389180183
9.40501976
9.421139717
9.437259674
9.453169823
9.469220161
9.485699654
9.501319885
9.517299652
9.533280373
9.549480438
9.565529823
9.581230164
9.597629547
9.613400459
9.629520416
9.644940376
9.661689758
9.677680016
9.693730354
9.709710121
9.725830078
9.741809845
9.757579803
9.773630142
9.789750099
9.805589676
9.821570396
9.837619781
9.85324955
9.869509697
9.885350227
9.901689529
9.917599678
9.933150291
9.949350357
9.964969635
9.981519699
9.997570038
10.01360035
10.02970028
10.04570007
10.0618
10.0770998
10.09360027
10.10960007
10.12559986
10.14179993
10.15769958
10.17389965
10.1899004
10.20580006
10.22189999
10.23779964
10.25380039
10.26990032
10.28549957
10.30179977
10.31770039
10.33370018
10.34969997
10.36559963
10.38169956
10.3973999
10.41380024
10.42949963
10.44480038
10.46179962
10.47749996
10.49359989
10.50969982
10.52579975
10.54139996
10.55780029
10.57369995
10.58969975
10.60540009
10.6218996
10.63780022
10.65359974
10.66989994
10.68570042
10.70160007
10.71780014
10.73359966
10.74979973
10.76580048
10.78149986
10.79759979
10.81369972
10.82960033
10.84560013
10.86149979
10.87779999
10.89360046
10.90970039
10.92560005
10.94159985
10.95769978
10.97369957
10.98970032
11.00590038
11.02180004
11.03789997
11.05350018
11.06999969
11.08590031
11.10210037
11.11779976
11.13399982
11.14999962
11.16600037
11.18200016
11.19799995
11.21389961
11.22980022